3.1
mobilenet_LR0.0001_BS32_E10
Epoch,accuracy,loss,val_accuracy,val_loss
1,0.41956019401550293,1.9314926862716675,0.8812500238418579,0.6501874923706055
2,0.8043981194496155,0.6447209715843201,0.9645833373069763,0.29596927762031555
3,0.8958333134651184,0.3674798607826233,0.9833333492279053,0.18486452102661133
4,0.9241898059844971,0.2782028019428253,0.9916666746139526,0.13591483235359192
5,0.9461805820465088,0.20275968313217163,0.9916666746139526,0.10851286351680756
6,0.9479166865348816,0.1823740303516388,0.9916666746139526,0.09507021307945251
7,0.9681712985038757,0.13685214519500732,0.987500011920929,0.0925513207912445
8,0.9745370149612427,0.11641964316368103,0.9854166507720947,0.07577888667583466
9,0.9716435074806213,0.10396270453929901,0.9916666746139526,0.05783345550298691
10,0.9762731194496155,0.09534183889627457,0.9979166388511658,0.05179242044687271
Test Loss: 0.053246717900037766
Test Accuracy: 0.9964285492897034

3.2
mobilenet_LR0.0001_BS32_E10
Epoch,accuracy,loss,val_accuracy,val_loss
1,0.3728741407394409,1.8280714750289917,0.5892857313156128,1.2022218704223633
2,0.5599489808082581,1.2567644119262695,0.6614583134651184,1.0068273544311523
3,0.620323121547699,1.1051416397094727,0.680059552192688,0.9331252574920654
4,0.6417942047119141,1.0257865190505981,0.6822916865348816,0.9211941957473755
5,0.6626275777816772,0.9800623655319214,0.6979166865348816,0.8707048296928406
6,0.6764456033706665,0.9246760010719299,0.699404776096344,0.8720042109489441
7,0.6915391087532043,0.9069986939430237,0.703125,0.8379604816436768
8,0.6902636289596558,0.8786500692367554,0.710565447807312,0.8502814769744873
9,0.6898384094238281,0.8745827078819275,0.7209821343421936,0.8295154571533203
10,0.6972789168357849,0.8545891642570496,0.7157738208770752,0.8201534748077393
Test Loss: 0.8266926407814026
Test Accuracy: 0.7203007340431213

3.3
mobilenet_LR0.0001_BS32_E20
Epoch,accuracy,loss,val_accuracy,val_loss
1,0.44379058480262756,1.6309031248092651,0.6669034361839294,1.00746488571167
2,0.618100643157959,1.1240729093551636,0.7215909361839294,0.8555694818496704
3,0.6591923832893372,0.9948848485946655,0.734375,0.8018222451210022
4,0.6740056872367859,0.9369294047355652,0.7510653138160706,0.770259439945221
5,0.6837459206581116,0.9012853503227234,0.74609375,0.7653517127037048
6,0.6991680264472961,0.8773356080055237,0.7649147510528564,0.7342072129249573
7,0.700385570526123,0.8688456416130066,0.7670454382896423,0.7136929631233215
8,0.7046469449996948,0.856438159942627,0.7709516882896423,0.7181475162506104
9,0.7027191519737244,0.8587520718574524,0.7688210010528564,0.7020655870437622
10,0.7076907753944397,0.8419350981712341,0.7674005627632141,0.6976963877677917
11,0.7052556872367859,0.8510221838951111,0.7819602489471436,0.6771995425224304
12,0.7035308480262756,0.850041389465332,0.7688210010528564,0.7029702663421631
13,0.7068790793418884,0.8398709893226624,0.7755681872367859,0.6876222491264343
14,0.705864429473877,0.8405055999755859,0.7780539989471436,0.6636431217193604
15,0.7090097665786743,0.840477466583252,0.7819602489471436,0.6749394536018372
16,0.716010570526123,0.8249497413635254,0.7901278138160706,0.6604242324829102
17,0.7186485528945923,0.8304097056388855,0.7759233117103577,0.6811463236808777
18,0.717836856842041,0.8139025568962097,0.7784090638160706,0.6688222289085388
19,0.7167207598686218,0.8326066136360168,0.7816051244735718,0.6723821759223938
20,0.716010570526123,0.8319340348243713,0.7819602489471436,0.6670349836349487
Test Loss: 0.684188723564148
Test Accuracy: 0.7634408473968506

3.4
efficientnet_LR0.0001_BS32_E10
Epoch,accuracy,loss,val_accuracy,val_loss
1,0.14144736528396606,2.1774449348449707,0.16346153616905212,2.120877504348755
2,0.1537828892469406,2.1516783237457275,0.1543269157409668,2.12841534614563
3,0.14487390220165253,2.1576313972473145,0.16105769574642181,2.1296491622924805
4,0.14939692616462708,2.150412082672119,0.16778846085071564,2.1263256072998047
5,0.14898574352264404,2.1533548831939697,0.1533653885126114,2.132270097732544
6,0.14528508484363556,2.155083417892456,0.16682691872119904,2.127927541732788
7,0.1535087674856186,2.1520304679870605,0.1605769246816635,2.1255996227264404
8,0.1484375,2.1564254760742188,0.16971154510974884,2.1252951622009277
9,0.14816337823867798,2.148303747177124,0.1519230753183365,2.1258773803710938
10,0.14268092811107635,2.154447555541992,0.16730768978595734,2.1269614696502686
Test Loss: 2.1215665340423584
Test Accuracy: 0.14003759622573853