model_LR0.0001_BS32_DR0.5_E20
Epoch,accuracy,loss,val_accuracy,val_loss
1,0.0729166641831398,2.7056539058685303,0.10833333432674408,2.686641216278076
2,0.10185185074806213,2.6797561645507812,0.17083333432674408,2.5679972171783447
3,0.12557870149612427,2.528913974761963,0.17499999701976776,2.2780990600585938
4,0.1388888955116272,2.3848798274993896,0.23541666567325592,2.1472792625427246
5,0.18807870149612427,2.249054431915283,0.21250000596046448,2.0817530155181885
6,0.21412037312984467,2.1581223011016846,0.22083333134651184,2.0458157062530518
7,0.2291666716337204,2.1103079319000244,0.2874999940395355,1.9360759258270264
8,0.2395833283662796,2.0534377098083496,0.30416667461395264,1.8637367486953735
9,0.24942129850387573,2.0204246044158936,0.2708333432674408,1.881294846534729
10,0.26851850748062134,1.9774770736694336,0.33541667461395264,1.8852317333221436
11,0.28125,1.9308030605316162,0.3812499940395355,1.7720317840576172
12,0.29398149251937866,1.88595712184906,0.3895833194255829,1.7442752122879028
13,0.32407405972480774,1.8182530403137207,0.46666666865348816,1.5978851318359375
14,0.3663194477558136,1.6860125064849854,0.5291666388511658,1.4429755210876465
15,0.421875,1.6096758842468262,0.550000011920929,1.3116294145584106
16,0.45370370149612427,1.5537973642349243,0.6145833134651184,1.230963110923767
17,0.46932870149612427,1.4129399061203003,0.6458333134651184,1.0987735986709595
18,0.5237268805503845,1.3285293579101562,0.612500011920929,1.1215795278549194
19,0.5451388955116272,1.3132606744766235,0.612500011920929,1.1372941732406616
20,0.5283564925193787,1.316405177116394,0.6604166626930237,0.9532736539840698
Test Loss: 0.8705539107322693
Test Accuracy: 0.699999988079071

model_LR0.0001_BS32_DR0.35_E20
Epoch,accuracy,loss,val_accuracy,val_loss
1,0.07349537312984467,2.731755495071411,0.08958332985639572,2.684312343597412
2,0.08738426119089127,2.701321840286255,0.08541666716337204,2.691807508468628
3,0.11342592537403107,2.636587381362915,0.16249999403953552,2.3922510147094727
4,0.15335647761821747,2.3954923152923584,0.2083333283662796,2.1592936515808105
5,0.1545138955116272,2.286205768585205,0.25208333134651184,2.1131792068481445
6,0.17650462687015533,2.224686622619629,0.2979166805744171,2.0753109455108643
7,0.18865740299224854,2.1725404262542725,0.3166666626930237,1.8901692628860474
8,0.24247685074806213,2.0404508113861084,0.41458332538604736,1.6721643209457397
9,0.30266204476356506,1.9061943292617798,0.4833333194255829,1.5158512592315674
10,0.36400464177131653,1.7487236261367798,0.5583333373069763,1.2948991060256958
11,0.4444444477558136,1.5754437446594238,0.6041666865348816,1.1306519508361816
12,0.49421295523643494,1.4632964134216309,0.6187499761581421,1.076650619506836
13,0.5370370149612427,1.3434466123580933,0.65625,1.0080971717834473
14,0.5584490895271301,1.261077642440796,0.6499999761581421,1.0007888078689575
15,0.5954861044883728,1.1286860704421997,0.7083333134651184,0.7953789830207825
16,0.6197916865348816,1.0875118970870972,0.7250000238418579,0.7028123736381531
17,0.6481481194496155,1.0191973447799683,0.7333333492279053,0.7030189037322998
18,0.6701388955116272,0.942850649356842,0.7562500238418579,0.6404893398284912
19,0.6741898059844971,0.8899134397506714,0.762499988079071,0.6257187724113464
20,0.6770833134651184,0.8909137845039368,0.7770833373069763,0.6284566521644592
Test Loss: 0.5599111318588257
Test Accuracy: 0.7928571701049805

model_LR0.0005_BS32_DR0.5_E20
Epoch,accuracy,loss,val_accuracy,val_loss
1,0.07523148506879807,2.724170207977295,0.07083333283662796,2.6919782161712646
2,0.10821758955717087,2.643667221069336,0.15208333730697632,2.372887134552002
3,0.15046297013759613,2.42526912689209,0.18333333730697632,2.1746788024902344
4,0.17824074625968933,2.2883663177490234,0.2770833373069763,2.0244343280792236
5,0.203125,2.220811128616333,0.2958333194255829,1.9858880043029785
6,0.22337962687015533,2.1422863006591797,0.31458333134651184,1.9289777278900146
7,0.24594907462596893,2.0499541759490967,0.3166666626930237,1.8670672178268433
8,0.24247685074806213,2.03493332862854,0.3270833194255829,1.8083019256591797
9,0.27893519401550293,1.9622308015823364,0.4208333194255829,1.627725601196289
10,0.34432870149612427,1.8304929733276367,0.44583332538604736,1.502472996711731
11,0.35011574625968933,1.7788612842559814,0.5333333611488342,1.3437532186508179
12,0.3802083432674408,1.6890275478363037,0.5708333253860474,1.291932225227356
13,0.45254629850387573,1.5385044813156128,0.606249988079071,1.156874418258667
14,0.49074074625968933,1.4314106702804565,0.6104166507720947,1.076606035232544
15,0.4826388955116272,1.4322493076324463,0.6479166746139526,0.9771365523338318
16,0.5358796119689941,1.3091111183166504,0.7250000238418579,0.8461745381355286
17,0.5491898059844971,1.2303674221038818,0.6416666507720947,0.917486310005188
18,0.5920138955116272,1.1438454389572144,0.7291666865348816,0.7910011410713196
19,0.6087962985038757,1.1422829627990723,0.7562500238418579,0.7287383675575256
20,0.6076388955116272,1.137080192565918,0.75,0.7301731109619141
Test Loss: 0.6639101505279541
Test Accuracy: 0.75

model_LR0.0001_BS32_DR0.35_E25
Epoch,accuracy,loss,val_accuracy,val_loss
1,0.07002314925193787,2.7167117595672607,0.08958332985639572,2.687208652496338
2,0.11400462687015533,2.603977918624878,0.1145833358168602,2.518359899520874
3,0.15393517911434174,2.4885971546173096,0.16458334028720856,2.2839629650115967
4,0.16203702986240387,2.366058826446533,0.1875,2.1921865940093994
5,0.17129629850387573,2.2755908966064453,0.24583333730697632,2.0435895919799805
6,0.1996527761220932,2.2220606803894043,0.24166665971279144,1.9880359172821045
7,0.2013888955116272,2.1607911586761475,0.2708333432674408,1.9458234310150146
8,0.21412037312984467,2.1115176677703857,0.31458333134651184,1.9195343255996704
9,0.2291666716337204,2.034357786178589,0.39375001192092896,1.8326154947280884
10,0.2621527910232544,1.9790421724319458,0.375,1.83607816696167
11,0.3020833432674408,1.9118314981460571,0.40416666865348816,1.628387689590454
12,0.31655094027519226,1.8092515468597412,0.41458332538604736,1.5804686546325684
13,0.33969905972480774,1.7742773294448853,0.5041666626930237,1.4113390445709229
14,0.4322916567325592,1.587982177734375,0.5375000238418579,1.2779579162597656
15,0.4774305522441864,1.4893031120300293,0.6166666746139526,1.0149799585342407
16,0.5173611044883728,1.3580198287963867,0.6916666626930237,0.8404515981674194
17,0.5185185074806213,1.373897671699524,0.7083333134651184,0.9563535451889038
18,0.5694444179534912,1.2513426542282104,0.7229166626930237,0.8583080768585205
19,0.59375,1.141723394393921,0.731249988079071,0.802209198474884
20,0.6290509104728699,1.0383946895599365,0.7791666388511658,0.6654284596443176
21,0.6232638955116272,1.0149779319763184,0.7291666865348816,0.6744919419288635
22,0.6724537014961243,0.9248008131980896,0.8062499761581421,0.5507147908210754
23,0.6863425970077515,0.8828224539756775,0.7895833253860474,0.5998736619949341
24,0.7042824029922485,0.8335692882537842,0.8270833492279053,0.5555289387702942
25,0.7349537014961243,0.7525120973587036,0.84375,0.43374940752983093
Test Loss: 0.4280279874801636
Test Accuracy: 0.8321428298950195

model_LR0.0001_BS32_DR0.35_E30
Epoch,accuracy,loss,val_accuracy,val_loss
1,0.06886573880910873,2.7395737171173096,0.10833333432674408,2.6951305866241455
2,0.0920138880610466,2.6975231170654297,0.08541666716337204,2.6697261333465576
3,0.1232638880610466,2.6105270385742188,0.16249999403953552,2.35483980178833
4,0.1493055522441864,2.405397653579712,0.23333333432674408,2.1706948280334473
5,0.17939814925193787,2.2739925384521484,0.23749999701976776,2.1673715114593506
6,0.17592592537403107,2.234980344772339,0.2708333432674408,2.0495529174804688
7,0.1909722238779068,2.1961207389831543,0.2874999940395355,2.0182974338531494
8,0.20717592537403107,2.1352150440216064,0.3166666626930237,1.898261308670044
9,0.22627314925193787,2.0914080142974854,0.3062500059604645,1.8288170099258423
10,0.22164352238178253,2.0500495433807373,0.3479166626930237,1.811134696006775
11,0.2552083432674408,1.9746812582015991,0.4000000059604645,1.6896756887435913
12,0.31365740299224854,1.9141607284545898,0.5062500238418579,1.5619996786117554
13,0.36053240299224854,1.8155455589294434,0.4645833373069763,1.486548662185669
14,0.4027777910232544,1.684768795967102,0.5041666626930237,1.3628638982772827
15,0.45023149251937866,1.574375033378601,0.5604166388511658,1.2624642848968506
16,0.47280094027519226,1.4576162099838257,0.6291666626930237,1.1180171966552734
17,0.5,1.3972541093826294,0.6583333611488342,1.0240936279296875
18,0.5283564925193787,1.348312497138977,0.6604166626930237,1.0020567178726196
19,0.5827546119689941,1.2164024114608765,0.65625,0.9895071387290955
20,0.5833333134651184,1.2281228303909302,0.7395833134651184,0.7983913421630859
21,0.6006944179534912,1.098401427268982,0.7354166507720947,0.7579411268234253
22,0.6030092835426331,1.0974128246307373,0.768750011920929,0.6565672755241394
23,0.6383101940155029,1.021857738494873,0.7979166507720947,0.5902870893478394
24,0.6707175970077515,0.9295971393585205,0.8208333253860474,0.5631639361381531
25,0.6961805820465088,0.8835431337356567,0.8395833373069763,0.4868914783000946
26,0.6869212985038757,0.8670530915260315,0.7895833253860474,0.6012096405029297
27,0.7065972089767456,0.8160414695739746,0.8291666507720947,0.510686993598938
28,0.7337962985038757,0.7351456880569458,0.8395833373069763,0.4491119086742401
29,0.7384259104728699,0.7567306756973267,0.856249988079071,0.4423772096633911
30,0.7158564925193787,0.799777626991272,0.862500011920929,0.4278293251991272
Test Loss: 0.4348345696926117
Test Accuracy: 0.8714285492897034

model_LR0.0005_BS32_DR0.35_E20
Epoch,accuracy,loss,val_accuracy,val_loss
1,0.07407407462596893,2.7117063999176025,0.08958332985639572,2.688926935195923
2,0.09432870149612427,2.6931979656219482,0.08541666716337204,2.664867639541626
3,0.11053241044282913,2.578080177307129,0.1770833283662796,2.26025390625
4,0.1545138955116272,2.350325345993042,0.20208333432674408,2.111610174179077
5,0.1736111044883728,2.2247583866119385,0.23749999701976776,2.0830864906311035
6,0.19039352238178253,2.18330717086792,0.2750000059604645,2.004103422164917
7,0.21875,2.1338748931884766,0.27291667461395264,1.956000566482544
8,0.2447916716337204,2.074084997177124,0.26249998807907104,2.084855556488037
9,0.2517361044883728,2.034357786178589,0.2750000059604645,1.8573920726776123
10,0.26967594027519226,2.0062031745910645,0.3895833194255829,1.766717553138733
11,0.31481480598449707,1.8960145711898804,0.3708333373069763,1.7898199558258057
12,0.3576388955116272,1.8017171621322632,0.518750011920929,1.460574984550476
13,0.4270833432674408,1.640197515487671,0.5604166388511658,1.2714831829071045
14,0.44039350748062134,1.5961146354675293,0.5854166746139526,1.1513129472732544
15,0.4895833432674408,1.4262933731079102,0.625,1.054510474205017
16,0.49421295523643494,1.4054445028305054,0.6541666388511658,0.9775600433349609
17,0.5335648059844971,1.2886189222335815,0.7041666507720947,0.8898252248764038
18,0.5659722089767456,1.2465695142745972,0.71875,0.8336824178695679
19,0.5711805820465088,1.1722251176834106,0.7395833134651184,0.7722454071044922
20,0.5723379850387573,1.1715428829193115,0.78125,0.7078966498374939
Test Loss: 0.6597204208374023
Test Accuracy: 0.7857142686843872

model_LR0.0001_BS64_DR0.35_E30
Epoch,accuracy,loss,val_accuracy,val_loss
1,0.07696758955717087,2.730306386947632,0.0669642835855484,2.7034950256347656
2,0.0902777761220932,2.6957011222839355,0.0803571417927742,2.6774849891662598
3,0.11342592537403107,2.6303722858428955,0.15625,2.471245288848877
4,0.1232638880610466,2.4732375144958496,0.1785714328289032,2.2241902351379395
5,0.1649305522441864,2.3374431133270264,0.2254464328289032,2.1080901622772217
6,0.17650462687015533,2.2809038162231445,0.2477678507566452,2.063061475753784
7,0.17418982088565826,2.2160391807556152,0.2589285671710968,2.0598061084747314
8,0.19849537312984467,2.174825668334961,0.21875,1.9976317882537842
9,0.19212962687015533,2.1608660221099854,0.2544642984867096,1.91374933719635
10,0.21875,2.1038410663604736,0.3125,1.878809928894043
11,0.23379629850387573,2.0628161430358887,0.2790178656578064,1.8144859075546265
12,0.28356480598449707,1.9757028818130493,0.3861607015132904,1.6871554851531982
13,0.30671295523643494,1.947133183479309,0.5625,1.5693289041519165
14,0.35532405972480774,1.8213552236557007,0.578125,1.3172062635421753
15,0.4097222089767456,1.6821951866149902,0.5915178656578064,1.2360299825668335
16,0.43518519401550293,1.5826245546340942,0.6674107313156128,1.0516284704208374
17,0.45254629850387573,1.5271509885787964,0.5982142686843872,1.0777151584625244
18,0.49074074625968933,1.4372128248214722,0.6540178656578064,0.9576175808906555
19,0.5162037014961243,1.3586808443069458,0.6785714030265808,0.8751694560050964
20,0.5868055820465088,1.1799455881118774,0.7678571343421936,0.7501701712608337
21,0.6064814925193787,1.1246874332427979,0.7477678656578064,0.7416070699691772
22,0.6145833134651184,1.0694499015808105,0.7723214030265808,0.6727148294448853
23,0.6446759104728699,1.0193781852722168,0.7700892686843872,0.6411906480789185
24,0.6614583134651184,0.9341434836387634,0.8013392686843872,0.5582945942878723
25,0.6574074029922485,0.9605420231819153,0.7366071343421936,0.7586433291435242
26,0.6417824029922485,1.005802035331726,0.8013392686843872,0.5551373362541199
27,0.6811342835426331,0.8915466070175171,0.7723214030265808,0.5819792747497559
28,0.7013888955116272,0.8537921905517578,0.7544642686843872,0.6290991902351379
29,0.7054398059844971,0.798677921295166,0.8504464030265808,0.45683664083480835
30,0.7233796119689941,0.7554206252098083,0.859375,0.4509774148464203
Test Loss: 0.4335192143917084
Test Accuracy: 0.8493589758872986
