mobilenet_LR0.0001_BS32_E10
Epoch,accuracy,loss,val_accuracy,val_loss
1,0.41956019401550293,1.9314926862716675,0.8812500238418579,0.6501874923706055
2,0.8043981194496155,0.6447209715843201,0.9645833373069763,0.29596927762031555
3,0.8958333134651184,0.3674798607826233,0.9833333492279053,0.18486452102661133
4,0.9241898059844971,0.2782028019428253,0.9916666746139526,0.13591483235359192
5,0.9461805820465088,0.20275968313217163,0.9916666746139526,0.10851286351680756
6,0.9479166865348816,0.1823740303516388,0.9916666746139526,0.09507021307945251
7,0.9681712985038757,0.13685214519500732,0.987500011920929,0.0925513207912445
8,0.9745370149612427,0.11641964316368103,0.9854166507720947,0.07577888667583466
9,0.9716435074806213,0.10396270453929901,0.9916666746139526,0.05783345550298691
10,0.9762731194496155,0.09534183889627457,0.9979166388511658,0.05179242044687271
Test Loss: 0.053246717900037766
Test Accuracy: 0.9964285492897034