efficientnet_LR0.0001_BS32_E10
Epoch,accuracy,loss,val_accuracy,val_loss
1,0.14144736528396606,2.1774449348449707,0.16346153616905212,2.120877504348755
2,0.1537828892469406,2.1516783237457275,0.1543269157409668,2.12841534614563
3,0.14487390220165253,2.1576313972473145,0.16105769574642181,2.1296491622924805
4,0.14939692616462708,2.150412082672119,0.16778846085071564,2.1263256072998047
5,0.14898574352264404,2.1533548831939697,0.1533653885126114,2.132270097732544
6,0.14528508484363556,2.155083417892456,0.16682691872119904,2.127927541732788
7,0.1535087674856186,2.1520304679870605,0.1605769246816635,2.1255996227264404
8,0.1484375,2.1564254760742188,0.16971154510974884,2.1252951622009277
9,0.14816337823867798,2.148303747177124,0.1519230753183365,2.1258773803710938
10,0.14268092811107635,2.154447555541992,0.16730768978595734,2.1269614696502686
Test Loss: 2.1215665340423584
Test Accuracy: 0.14003759622573853
