EfficientNetV2S_lr0.001_epochs10
epoch,train_loss,train_accuracy,val_loss,val_accuracy
1,1.1358641386032104,0.6073740124702454,0.8104385733604431,0.7142857313156128
2,0.7446956634521484,0.7466169595718384,0.6739667654037476,0.7778649926185608
3,0.6397733688354492,0.7766228914260864,0.6440829038619995,0.779434859752655
4,0.5722954273223877,0.7983918190002441,0.5954170227050781,0.7849293351173401
5,0.5141079425811768,0.8254559636116028,0.6367316246032715,0.7786499261856079
6,0.4740147888660431,0.8336929082870483,0.6287651062011719,0.784144401550293
7,0.45026329159736633,0.8450676798820496,0.5533455014228821,0.8006279468536377
8,0.4089750051498413,0.8558540940284729,0.5666468739509583,0.802982747554779
9,0.38659313321113586,0.8636987805366516,0.5268163681030273,0.8218210339546204
10,0.3500184118747711,0.8758580088615417,0.5276644825935364,0.8163265585899353
loss,accuracy
0.5741644501686096,0.820588231086731
