mobilenet_LR0.0001_BS32_E10
Epoch,accuracy,loss,val_accuracy,val_loss
1,0.3728741407394409,1.8280714750289917,0.5892857313156128,1.2022218704223633
2,0.5599489808082581,1.2567644119262695,0.6614583134651184,1.0068273544311523
3,0.620323121547699,1.1051416397094727,0.680059552192688,0.9331252574920654
4,0.6417942047119141,1.0257865190505981,0.6822916865348816,0.9211941957473755
5,0.6626275777816772,0.9800623655319214,0.6979166865348816,0.8707048296928406
6,0.6764456033706665,0.9246760010719299,0.699404776096344,0.8720042109489441
7,0.6915391087532043,0.9069986939430237,0.703125,0.8379604816436768
8,0.6902636289596558,0.8786500692367554,0.710565447807312,0.8502814769744873
9,0.6898384094238281,0.8745827078819275,0.7209821343421936,0.8295154571533203
10,0.6972789168357849,0.8545891642570496,0.7157738208770752,0.8201534748077393
Test Loss: 0.8266926407814026
Test Accuracy: 0.7203007340431213