model_LR0.0001_BS32_DR0.5_E20
Epoch,accuracy,loss,val_accuracy,val_loss
1,0.3072916567325592,2.148148775100708,0.6312500238418579,1.1105877161026
2,0.6707175970077515,1.0187510251998901,0.8770833611488342,0.36385056376457214
3,0.796875,0.5951915383338928,0.9312499761581421,0.203446164727211
4,0.8385416865348816,0.4414274990558624,0.9437500238418579,0.16517800092697144
5,0.8917824029922485,0.3142099380493164,0.9604166746139526,0.12787090241909027
6,0.9010416865348816,0.29609084129333496,0.949999988079071,0.1264287680387497
7,0.9137731194496155,0.23979194462299347,0.9666666388511658,0.1030205711722374
8,0.9195601940155029,0.21878649294376373,0.9458333253860474,0.12872709333896637
9,0.9317129850387573,0.1792399287223816,0.9770833253860474,0.08232682198286057
10,0.9415509104728699,0.17695048451423645,0.9666666388511658,0.08978419005870819
11,0.9363425970077515,0.17711354792118073,0.9666666388511658,0.10093457251787186
12,0.9438657164573669,0.1666751652956009,0.981249988079071,0.056126467883586884
13,0.9635416865348816,0.10741793364286423,0.9770833253860474,0.06871088594198227
14,0.9554398059844971,0.12118609994649887,0.9729166626930237,0.07268336415290833
15,0.9589120149612427,0.11286862939596176,0.9791666865348816,0.05846758931875229
16,0.9629629850387573,0.09737375378608704,0.981249988079071,0.07081298530101776
17,0.9629629850387573,0.11101692169904709,0.9770833253860474,0.05830071121454239
18,0.9652777910232544,0.08666716516017914,0.9791666865348816,0.06018183380365372
19,0.96875,0.0789022296667099,0.9520833492279053,0.15186016261577606
20,0.9618055820465088,0.09872226417064667,0.981249988079071,0.0600820854306221
Test Loss: 0.10644903033971786
Test Accuracy: 0.9678571224212646

model_LR0.001_BS32_DR0.5_E15
Epoch,accuracy,loss,val_accuracy,val_loss
1,0.31365740299224854,2.0714707374572754,0.7166666388511658,0.8367341756820679
2,0.6956018805503845,0.8876469731330872,0.8791666626930237,0.3537677824497223
3,0.828125,0.5306383371353149,0.9125000238418579,0.2165886014699936
4,0.8744212985038757,0.3468654155731201,0.956250011920929,0.1408829391002655
5,0.8969907164573669,0.28150269389152527,0.9354166388511658,0.14783243834972382
6,0.9224537014961243,0.2137119024991989,0.9708333611488342,0.0866667777299881
7,0.9461805820465088,0.16249263286590576,0.956250011920929,0.11843692511320114
8,0.9392361044883728,0.170011967420578,0.9624999761581421,0.11466135829687119
9,0.9322916865348816,0.17200694978237152,0.9708333611488342,0.08153251558542252
10,0.953125,0.12589961290359497,0.9729166626930237,0.07700324803590775
11,0.9629629850387573,0.09999984502792358,0.9833333492279053,0.05775431916117668
12,0.9658564925193787,0.1014268696308136,0.9833333492279053,0.06207798048853874
13,0.96875,0.09134130924940109,0.9729166626930237,0.07800804823637009
14,0.9554398059844971,0.136729896068573,0.9708333611488342,0.07995129376649857
15,0.9722222089767456,0.081723153591156,0.9645833373069763,0.09909462183713913
Test Loss: 0.1099146381020546
Test Accuracy: 0.9642857313156128

model_LR0.001_BS32_DR0.5_E20
Epoch,accuracy,loss,val_accuracy,val_loss
1,0.26331019401550293,2.255645990371704,0.6041666865348816,1.2268013954162598
2,0.6278935074806213,1.1471199989318848,0.8604166507720947,0.49099573493003845
3,0.7563657164573669,0.6983116269111633,0.8999999761581421,0.30392196774482727
4,0.8200231194496155,0.5082499980926514,0.9333333373069763,0.18660883605480194
5,0.8831018805503845,0.3468124270439148,0.9541666507720947,0.1567079722881317
6,0.8709490895271301,0.36155906319618225,0.9333333373069763,0.20209504663944244
7,0.9068287014961243,0.27968698740005493,0.9708333611488342,0.10552430897951126
8,0.9010416865348816,0.2902425527572632,0.9541666507720947,0.1170237734913826
9,0.921875,0.22556257247924805,0.9395833611488342,0.1422097235918045
10,0.9270833134651184,0.20422767102718353,0.9666666388511658,0.09565526992082596
11,0.9288194179534912,0.20989453792572021,0.9833333492279053,0.060565631836652756
12,0.9479166865348816,0.14082461595535278,0.9708333611488342,0.08672568947076797
13,0.9502314925193787,0.1477774977684021,0.9541666507720947,0.11047013103961945
14,0.9375,0.15640003979206085,0.96875,0.09685519337654114
15,0.9432870149612427,0.1764477640390396,0.9729166626930237,0.0697944164276123
16,0.9583333134651184,0.10878076404333115,0.9791666865348816,0.06861893087625504
17,0.9629629850387573,0.10743141174316406,0.9708333611488342,0.11358541995286942
18,0.9565972089767456,0.11755429953336716,0.9854166507720947,0.04976678639650345
19,0.9594907164573669,0.11549150198698044,0.9791666865348816,0.07408148795366287
20,0.9565972089767456,0.12917515635490417,0.9854166507720947,0.07248345762491226
Test Loss: 0.09333613514900208
Test Accuracy: 0.9678571224212646

model_LR0.0005_BS32_DR0.5_E20
Epoch,accuracy,loss,val_accuracy,val_loss
1,0.3645833432674408,1.883924126625061,0.7583333253860474,0.771024763584137
2,0.7146990895271301,0.8362687230110168,0.8583333492279053,0.3883150815963745
3,0.8234953880310059,0.498224675655365,0.9125000238418579,0.2202076017856598
4,0.8686342835426331,0.3496798276901245,0.9395833611488342,0.15978999435901642
5,0.9131944179534912,0.24850769340991974,0.956250011920929,0.10906150937080383
6,0.9241898059844971,0.2020290344953537,0.9624999761581421,0.098824642598629
7,0.9189814925193787,0.22258411347866058,0.96875,0.09404949098825455
8,0.9346064925193787,0.18266941606998444,0.9604166746139526,0.08526395261287689
9,0.9537037014961243,0.13537625968456268,0.96875,0.07510120421648026
10,0.9525462985038757,0.12862828373908997,0.9770833253860474,0.07942619919776917
11,0.9479166865348816,0.14723698794841766,0.9666666388511658,0.08731963485479355
12,0.9658564925193787,0.09277652204036713,0.9729166626930237,0.056272175163030624
13,0.9618055820465088,0.11146444827318192,0.9708333611488342,0.07946952432394028
14,0.9635416865348816,0.1093541756272316,0.9708333611488342,0.1100209504365921
15,0.9612268805503845,0.11193737387657166,0.96875,0.09376994520425797
16,0.9693287014961243,0.089945487678051,0.9791666865348816,0.08314148336648941
17,0.9762731194496155,0.07252925634384155,0.9833333492279053,0.05611204355955124
18,0.9861111044883728,0.05357229709625244,0.9791666865348816,0.07077256590127945
19,0.9716435074806213,0.08752893656492233,0.9750000238418579,0.07081422209739685
20,0.9785879850387573,0.059400081634521484,0.9750000238418579,0.07891856878995895
Test Loss: 0.08217372745275497
Test Accuracy: 0.9678571224212646

model_LR0.005_BS32_DR0.5_E15
Epoch,accuracy,loss,val_accuracy,val_loss
1,0.31192129850387573,2.102994203567505,0.6729166507720947,0.9260215163230896
2,0.6927083134651184,0.8970641493797302,0.862500011920929,0.3745540976524353
3,0.8385416865348816,0.49563834071159363,0.9312499761581421,0.18740275502204895
4,0.8622685074806213,0.362169474363327,0.9333333373069763,0.19201922416687012
5,0.8796296119689941,0.3186649680137634,0.9333333373069763,0.1724589765071869
6,0.9103009104728699,0.24807484447956085,0.9541666507720947,0.1273999810218811
7,0.9247685074806213,0.19725286960601807,0.96875,0.08904755860567093
8,0.9259259104728699,0.21771842241287231,0.9604166746139526,0.11209797114133835
9,0.9328703880310059,0.17402885854244232,0.9708333611488342,0.10077425092458725
10,0.9403935074806213,0.18692897260189056,0.956250011920929,0.10897677391767502
11,0.9571759104728699,0.12656177580356598,0.9750000238418579,0.0711110383272171
12,0.9542824029922485,0.13663342595100403,0.9833333492279053,0.06193089857697487
13,0.9565972089767456,0.12145132571458817,0.9854166507720947,0.06979557871818542
14,0.9629629850387573,0.10763200372457504,0.9645833373069763,0.1284881979227066
15,0.9589120149612427,0.12052267789840698,0.9729166626930237,0.07459547370672226
Test Loss: 0.0778030976653099
Test Accuracy: 0.9714285731315613

model_LR0.005_BS32_DR0.5_E20
Epoch,accuracy,loss,val_accuracy,val_loss
1,0.2326388955116272,2.3515350818634033,0.574999988079071,1.2051892280578613
2,0.6336805820465088,1.1138238906860352,0.793749988079071,0.5276906490325928
3,0.7905092835426331,0.6339631080627441,0.887499988079071,0.2948508858680725
4,0.8431712985038757,0.44259417057037354,0.9229166507720947,0.1910068392753601
5,0.8761574029922485,0.34157484769821167,0.918749988079071,0.1934714913368225
6,0.8917824029922485,0.2798781991004944,0.9229166507720947,0.1940447986125946
7,0.8958333134651184,0.2793313264846802,0.9354166388511658,0.14615470170974731
8,0.9108796119689941,0.22156041860580444,0.9541666507720947,0.11904975771903992
9,0.9282407164573669,0.20048898458480835,0.9541666507720947,0.13668295741081238
10,0.921875,0.2157374769449234,0.9520833492279053,0.15669026970863342
11,0.9380787014961243,0.15301543474197388,0.9791666865348816,0.06456384807825089
12,0.9427083134651184,0.14555951952934265,0.9750000238418579,0.07766367495059967
13,0.9484953880310059,0.1498730480670929,0.9666666388511658,0.10069891065359116
14,0.9525462985038757,0.1375928372144699,0.9624999761581421,0.13346686959266663
15,0.9594907164573669,0.11668170988559723,0.9666666388511658,0.08785941451787949
16,0.9618055820465088,0.11770859360694885,0.9854166507720947,0.07039163261651993
17,0.9739583134651184,0.07300271838903427,0.949999988079071,0.14916068315505981
18,0.9629629850387573,0.10407504439353943,0.96875,0.08170817792415619
19,0.9675925970077515,0.08909505605697632,0.96875,0.10156918317079544
20,0.9762731194496155,0.0681975930929184,0.9541666507720947,0.14412961900234222
Test Loss: 0.15938304364681244
Test Accuracy: 0.9607142806053162

model_LR0.0005_BS32_DR0.35_E20
Epoch,accuracy,loss,val_accuracy,val_loss
1,0.35821759700775146,1.9341483116149902,0.7479166388511658,0.7339929938316345
2,0.7442129850387573,0.7917748689651489,0.856249988079071,0.40869373083114624
3,0.8333333134651184,0.4925295412540436,0.9020833373069763,0.22217199206352234
4,0.8831018805503845,0.33357393741607666,0.925000011920929,0.1802663952112198
5,0.9160879850387573,0.22497063875198364,0.9312499761581421,0.1480933576822281
6,0.9108796119689941,0.26094087958335876,0.9354166388511658,0.14997510612010956
7,0.9351851940155029,0.18074338138103485,0.9583333134651184,0.11665869504213333
8,0.9502314925193787,0.13258783519268036,0.956250011920929,0.13355551660060883
9,0.9432870149612427,0.15027044713497162,0.9791666865348816,0.0807507336139679
10,0.9508101940155029,0.13638480007648468,0.9624999761581421,0.0939541682600975
11,0.9652777910232544,0.09183278679847717,0.9791666865348816,0.06664406508207321
12,0.9565972089767456,0.13055714964866638,0.9708333611488342,0.06910479068756104
13,0.9670138955116272,0.096895731985569,0.9708333611488342,0.11594408005475998
14,0.9548611044883728,0.12882474064826965,0.9541666507720947,0.14810089766979218
15,0.9670138955116272,0.09631156921386719,0.9750000238418579,0.07920219004154205
16,0.9791666865348816,0.06498421728610992,0.9833333492279053,0.05903133004903793
17,0.9832175970077515,0.05900801718235016,0.981249988079071,0.0785549134016037
18,0.9791666865348816,0.06036260724067688,0.9750000238418579,0.07513906061649323
19,0.9797453880310059,0.050426241010427475,0.981249988079071,0.06320948153734207
20,0.9809027910232544,0.05268904194235802,0.9854166507720947,0.05095909535884857
Test Loss: 0.11638253182172775
Test Accuracy: 0.9642857313156128