training_history_LR0.001_BS32_DR0.5_E10
Epoch,accuracy,loss,val_accuracy,val_loss
1,0.296875,2.1772639751434326,0.6312500238418579,1.074533224105835
2,0.6898148059844971,0.925722062587738,0.856249988079071,0.39319801330566406
3,0.828125,0.5406450033187866,0.90625,0.26281800866127014
4,0.8680555820465088,0.3874536454677582,0.9312499761581421,0.1973629593849182
5,0.8981481194496155,0.29867032170295715,0.9437500238418579,0.14401274919509888
6,0.9056712985038757,0.26331353187561035,0.9333333373069763,0.1660267412662506
7,0.9322916865348816,0.19042178988456726,0.9624999761581421,0.09578803926706314
8,0.9438657164573669,0.16966073215007782,0.9645833373069763,0.10173884779214859
9,0.9456018805503845,0.1470841020345688,0.96875,0.08609390258789062
10,0.9432870149612427,0.1605229526758194,0.9729166626930237,0.09923074394464493
Test Loss: 0.11369112879037857
Test Accuracy: 0.9607142806053162

training_history_LR0.001_BS32_DR0.5_E15
Epoch,accuracy,loss,val_accuracy,val_loss
1,0.2777777910232544,2.16839861869812,0.5666666626930237,1.0768153667449951
2,0.6354166865348816,1.0616225004196167,0.8104166388511658,0.5408489108085632
3,0.7719907164573669,0.6548140645027161,0.9083333611488342,0.27341488003730774
4,0.8321759104728699,0.490560382604599,0.9145833253860474,0.23292437195777893
5,0.8582175970077515,0.41147932410240173,0.9125000238418579,0.2745841145515442
6,0.8784722089767456,0.34320157766342163,0.9354166388511658,0.1693175584077835
7,0.8975694179534912,0.273089736700058,0.9604166746139526,0.11789396405220032
8,0.9027777910232544,0.2686782479286194,0.949999988079071,0.11601638048887253
9,0.9230324029922485,0.21160775423049927,0.9583333134651184,0.14376483857631683
10,0.9282407164573669,0.18712742626667023,0.9624999761581421,0.10390382260084152
11,0.9403935074806213,0.1730770319700241,0.9624999761581421,0.11684956401586533
12,0.9415509104728699,0.16787494719028473,0.9645833373069763,0.10272765159606934
13,0.9467592835426331,0.13783329725265503,0.9541666507720947,0.10992925614118576
14,0.9444444179534912,0.1513892412185669,0.9604166746139526,0.10317390412092209
15,0.9484953880310059,0.13556891679763794,0.96875,0.08803274482488632
Test Loss: 0.05437971279025078
Test Accuracy: 0.9750000238418579

training_history_LR0.005_BS32_DR0.5_E10
Epoch,accuracy,loss,val_accuracy,val_loss
1,0.31712964177131653,2.073152542114258,0.7124999761581421,0.9017229080200195
2,0.7112268805503845,0.9245223999023438,0.8500000238418579,0.42623668909072876
3,0.8252314925193787,0.5347813367843628,0.9125000238418579,0.2268919050693512
4,0.8721064925193787,0.36106815934181213,0.9458333253860474,0.16550613939762115
5,0.9114583134651184,0.2608817219734192,0.9520833492279053,0.16106098890304565
6,0.9189814925193787,0.23348233103752136,0.949999988079071,0.1448184996843338
7,0.9276620149612427,0.2157904952764511,0.956250011920929,0.1265256553888321
8,0.9403935074806213,0.1628652662038803,0.9479166865348816,0.17679040133953094
9,0.9409722089767456,0.14875060319900513,0.9666666388511658,0.08909936994314194
10,0.9548611044883728,0.12736453115940094,0.9458333253860474,0.13001690804958344
Test Loss: 0.15485981106758118
Test Accuracy: 0.9392856955528259

training_history_LR0.0005_BS32_DR0.5_E10
Epoch,accuracy,loss,val_accuracy,val_loss
1,0.24363425374031067,2.3378119468688965,0.5916666388511658,1.2207823991775513
2,0.6168981194496155,1.1701452732086182,0.8291666507720947,0.5258750319480896
3,0.7534722089767456,0.6684144139289856,0.9145833253860474,0.28426018357276917
4,0.8229166865348816,0.46837180852890015,0.9437500238418579,0.1627349555492401
5,0.8738425970077515,0.3461371660232544,0.9312499761581421,0.1719641536474228
6,0.8854166865348816,0.32047563791275024,0.9520833492279053,0.139273539185524
7,0.8940972089767456,0.2940624952316284,0.9479166865348816,0.13580012321472168
8,0.9155092835426331,0.23276016116142273,0.9541666507720947,0.14395275712013245
9,0.9160879850387573,0.23753298819065094,0.9624999761581421,0.10853086411952972
10,0.9311342835426331,0.2114185094833374,0.9666666388511658,0.13060517609119415
Test Loss: 0.191611185669899
Test Accuracy: 0.9392856955528259

training_history_LR0.005_BS32_DR0.5_E15
Epoch,accuracy,loss,val_accuracy,val_loss
1,0.27372685074806213,2.302471876144409,0.6312500238418579,1.0573841333389282
2,0.6273148059844971,1.117403507232666,0.8541666865348816,0.41438814997673035
3,0.8049768805503845,0.5953384637832642,0.9166666865348816,0.2324260026216507
4,0.8408564925193787,0.48338159918785095,0.9416666626930237,0.16718293726444244
5,0.8917824029922485,0.30573418736457825,0.9437500238418579,0.17800132930278778
6,0.8993055820465088,0.28215864300727844,0.949999988079071,0.15180276334285736
7,0.9131944179534912,0.2449147254228592,0.9520833492279053,0.11826732754707336
8,0.9328703880310059,0.18808116018772125,0.9395833611488342,0.12801511585712433
9,0.9386574029922485,0.1847059428691864,0.9729166626930237,0.09471660107374191
10,0.9456018805503845,0.15210069715976715,0.9750000238418579,0.07464688271284103
11,0.9513888955116272,0.12701287865638733,0.9750000238418579,0.08485646545886993
12,0.9525462985038757,0.15344229340553284,0.9729166626930237,0.08208439499139786
13,0.9565972089767456,0.12423910200595856,0.9666666388511658,0.07646675407886505
14,0.9629629850387573,0.11184963583946228,0.9750000238418579,0.08550611138343811
15,0.9693287014961243,0.09499797224998474,0.9750000238418579,0.08554361760616302
Test Loss: 0.09375341981649399
Test Accuracy: 0.9714285731315613

training_history_LR0.0005_BS32_DR0.5_E15
Epoch,accuracy,loss,val_accuracy,val_loss
1,0.28414350748062134,2.2174148559570312,0.581250011920929,1.097454309463501
2,0.6631944179534912,1.0049039125442505,0.862500011920929,0.3941890299320221
3,0.7928240895271301,0.5939923524856567,0.887499988079071,0.2792014181613922
4,0.8206018805503845,0.4821595549583435,0.9354166388511658,0.1723257452249527
5,0.8738425970077515,0.34975093603134155,0.9395833611488342,0.16528870165348053
6,0.8831018805503845,0.33885034918785095,0.9083333611488342,0.18883748352527618
7,0.8871527910232544,0.2954236567020416,0.956250011920929,0.11628993600606918
8,0.9212962985038757,0.22268465161323547,0.956250011920929,0.143715962767601
9,0.90625,0.2490476369857788,0.9458333253860474,0.1438198834657669
10,0.9108796119689941,0.21248644590377808,0.9624999761581421,0.11026497185230255
11,0.9461805820465088,0.1642759144306183,0.9750000238418579,0.08928649872541428
12,0.9525462985038757,0.13423998653888702,0.9708333611488342,0.07122179865837097
13,0.9456018805503845,0.14805081486701965,0.9750000238418579,0.08188997209072113
14,0.9537037014961243,0.12865132093429565,0.9770833253860474,0.09145420044660568
15,0.9571759104728699,0.11880571395158768,0.9833333492279053,0.07260286062955856
Test Loss: 0.04741274565458298
Test Accuracy: 0.9821428656578064

training_history_LR0.0005_BS32_DR0.5_E20
Epoch,accuracy,loss,val_accuracy,val_loss
1,0.3072916567325592,2.0916738510131836,0.7416666746139526,1.016160488128662
2,0.6747685074806213,0.9859336614608765,0.8812500238418579,0.41882452368736267
3,0.8119212985038757,0.5707945227622986,0.90625,0.25883543491363525
4,0.8680555820465088,0.3949950039386749,0.9416666626930237,0.17354744672775269
5,0.9068287014961243,0.28995823860168457,0.9354166388511658,0.15405778586864471
6,0.9103009104728699,0.2750191390514374,0.9645833373069763,0.09766092896461487
7,0.9346064925193787,0.1835256814956665,0.9541666507720947,0.11180119216442108
8,0.9137731194496155,0.272208571434021,0.956250011920929,0.13379408419132233
9,0.9334490895271301,0.17892983555793762,0.9645833373069763,0.104497030377388
10,0.9421296119689941,0.17298774421215057,0.9708333611488342,0.1000661551952362
11,0.9548611044883728,0.12337423861026764,0.9541666507720947,0.09489418566226959
12,0.9519675970077515,0.13560716807842255,0.9666666388511658,0.09051375091075897
13,0.9560185074806213,0.12840305268764496,0.956250011920929,0.09975482523441315
14,0.9652777910232544,0.09650100022554398,0.9666666388511658,0.07866639643907547
15,0.96875,0.08314067870378494,0.9729166626930237,0.07378195226192474
16,0.9693287014961243,0.10758049041032791,0.9770833253860474,0.06715031713247299
17,0.9774305820465088,0.07497808337211609,0.9750000238418579,0.08966200798749924
18,0.9652777910232544,0.0939965546131134,0.9854166507720947,0.06524608284235
19,0.9728009104728699,0.07514673471450806,0.9770833253860474,0.0737200602889061
20,0.9774305820465088,0.06993649154901505,0.9624999761581421,0.10837772488594055
Test Loss: 0.10801102966070175
Test Accuracy: 0.949999988079071
