model_LR0.0001_BS32_DR0.5_E20
Epoch,accuracy,loss,val_accuracy,val_loss
1,0.11168981343507767,2.6792538166046143,0.19583334028720856,2.343919038772583
2,0.19328702986240387,2.4193084239959717,0.2750000059604645,2.2371482849121094
3,0.23842592537403107,2.268496036529541,0.3499999940395355,1.9094641208648682
4,0.3055555522441864,2.1051323413848877,0.4229166805744171,1.6721800565719604
5,0.3697916567325592,1.876928687095642,0.5395833253860474,1.364672303199768
6,0.4010416567325592,1.7040588855743408,0.59375,1.2256911993026733
7,0.49074074625968933,1.4728995561599731,0.6958333253860474,0.9297282099723816
8,0.5619212985038757,1.2980326414108276,0.737500011920929,0.7851044535636902
9,0.6035879850387573,1.1722145080566406,0.643750011920929,1.0616511106491089
10,0.6203703880310059,1.0958192348480225,0.6625000238418579,1.0723696947097778
11,0.6672453880310059,0.9704983830451965,0.8145833611488342,0.6194750070571899
12,0.6776620149612427,0.9136154055595398,0.7895833253860474,0.5864671468734741
13,0.6979166865348816,0.8436886668205261,0.862500011920929,0.48350802063941956
14,0.7274305820465088,0.8000267148017883,0.8500000238418579,0.45839712023735046
15,0.7349537014961243,0.7787508368492126,0.8916666507720947,0.38494113087654114
16,0.7465277910232544,0.7054398655891418,0.8645833134651184,0.4018694758415222
17,0.7609953880310059,0.6900065541267395,0.9208333492279053,0.32927557826042175
18,0.7910879850387573,0.6130417585372925,0.8812500238418579,0.38825350999832153
19,0.7615740895271301,0.6674096584320068,0.9229166507720947,0.2767835855484009
20,0.7870370149612427,0.5987527370452881,0.8812500238418579,0.3473098576068878
Test Loss: 0.34108367562294006
Test Accuracy: 0.8821428418159485

model_LR0.0005_BS32_DR0.5_E20
Epoch,accuracy,loss,val_accuracy,val_loss
1,0.09664351493120193,2.7334370613098145,0.21666666865348816,2.3679959774017334
2,0.22280092537403107,2.3206160068511963,0.3812499940395355,1.9177900552749634
3,0.30844905972480774,2.080256223678589,0.47708332538604736,1.5529303550720215
4,0.3732638955116272,1.8281102180480957,0.4937500059604645,1.4258953332901
5,0.43692129850387573,1.6692899465560913,0.5791666507720947,1.2672110795974731
6,0.47800925374031067,1.4758208990097046,0.6354166865348816,1.094337821006775
7,0.5445601940155029,1.322702169418335,0.7562500238418579,0.8804041147232056
8,0.5995370149612427,1.1380897760391235,0.7229166626930237,0.7882922887802124
9,0.6186342835426331,1.0764108896255493,0.8041666746139526,0.6699768900871277
10,0.6585648059844971,0.9760136008262634,0.7354166507720947,0.8385827541351318
11,0.6701388955116272,0.9156439900398254,0.8229166865348816,0.560151994228363
12,0.7181712985038757,0.8160381317138672,0.8395833373069763,0.5095974206924438
13,0.7349537014961243,0.7484802603721619,0.7979166507720947,0.5541855096817017
14,0.7418981194496155,0.7200790047645569,0.8354166746139526,0.4854605495929718
15,0.7378472089767456,0.7595837712287903,0.8520833253860474,0.4498991072177887
16,0.7766203880310059,0.6355135440826416,0.8916666507720947,0.31893813610076904
17,0.7719907164573669,0.6110660433769226,0.8645833134651184,0.38183462619781494
18,0.7910879850387573,0.5864923000335693,0.8395833373069763,0.44038477540016174
19,0.8003472089767456,0.5722262859344482,0.856249988079071,0.3303089737892151
20,0.7858796119689941,0.5902518630027771,0.8916666507720947,0.3401004672050476
Test Loss: 0.33036020398139954
Test Accuracy: 0.8999999761581421

model_LR0.005_BS32_DR0.5_E15
Epoch,accuracy,loss,val_accuracy,val_loss
1,0.109375,2.66552996635437,0.21458333730697632,2.413607120513916
2,0.2239583283662796,2.3295278549194336,0.4104166626930237,1.8601336479187012
3,0.36574074625968933,1.933997631072998,0.612500011920929,1.2327972650527954
4,0.45775464177131653,1.6341654062271118,0.6812499761581421,1.0510152578353882
5,0.5086805820465088,1.4976685047149658,0.6833333373069763,0.9349173307418823
6,0.5682870149612427,1.3148359060287476,0.675000011920929,0.9460283517837524
7,0.5792824029922485,1.2702908515930176,0.675000011920929,0.9667956829071045
8,0.6354166865348816,1.0701475143432617,0.75,0.702045202255249
9,0.6539351940155029,1.0490463972091675,0.7708333134651184,0.6761102080345154
10,0.6880787014961243,0.8968971967697144,0.8333333134651184,0.5224568843841553
11,0.6932870149612427,0.8461944460868835,0.7895833253860474,0.6119711995124817
12,0.703125,0.8209025263786316,0.7583333253860474,0.5904397964477539
13,0.7384259104728699,0.76054447889328,0.8374999761581421,0.466172993183136
14,0.7644675970077515,0.6928595900535583,0.8354166746139526,0.4202467203140259
15,0.7465277910232544,0.7398293614387512,0.8645833134651184,0.3675282299518585
Test Loss: 0.37788283824920654
Test Accuracy: 0.8571428656578064

model_LR0.001_BS32_DR0.5_E15
Epoch,accuracy,loss,val_accuracy,val_loss
1,0.11168981343507767,2.6754939556121826,0.22708334028720856,2.4909374713897705
2,0.1892361044883728,2.4541003704071045,0.32499998807907104,1.9485738277435303
3,0.2743055522441864,2.1937015056610107,0.4416666626930237,1.687836766242981
4,0.38310185074806213,1.8861418962478638,0.512499988079071,1.3425312042236328
5,0.44849535822868347,1.647128939628601,0.6895833611488342,1.0312389135360718
6,0.5347222089767456,1.4225459098815918,0.7124999761581421,0.8552731871604919
7,0.5758101940155029,1.229333758354187,0.7708333134651184,0.7054784297943115
8,0.6070601940155029,1.1641161441802979,0.6708333492279053,0.8927754759788513
9,0.6284722089767456,1.0703505277633667,0.7708333134651184,0.6087763905525208
10,0.6591435074806213,0.9744024872779846,0.7604166865348816,0.7038427591323853
11,0.6799768805503845,0.9428334832191467,0.7916666865348816,0.5625764727592468
12,0.6805555820465088,0.9233536720275879,0.8125,0.5467710494995117
13,0.7089120149612427,0.823955237865448,0.8083333373069763,0.5587860941886902
14,0.7222222089767456,0.806204080581665,0.8062499761581421,0.5192325115203857
15,0.7430555820465088,0.7220295071601868,0.8354166746139526,0.41615667939186096
Test Loss: 0.41248762607574463
Test Accuracy: 0.8321428298950195

model_LR0.0001_BS32_DR0.35_E20
Epoch,accuracy,loss,val_accuracy,val_loss
1,0.09606481343507767,2.7308590412139893,0.15000000596046448,2.483508586883545
2,0.20775462687015533,2.3998584747314453,0.3645833432674408,1.956365942955017
3,0.29456019401550293,2.151423454284668,0.46875,1.6303791999816895
4,0.3767361044883728,1.8886903524398804,0.5458333492279053,1.325196385383606
5,0.4270833432674408,1.6799631118774414,0.543749988079071,1.3079708814620972
6,0.45370370149612427,1.6028203964233398,0.6708333492279053,1.0885653495788574
7,0.5098379850387573,1.4278658628463745,0.6291666626930237,1.2213884592056274
8,0.5428240895271301,1.2950396537780762,0.7104166746139526,0.8691842555999756
9,0.5978009104728699,1.1695330142974854,0.7166666388511658,0.8419520854949951
10,0.6140046119689941,1.090829610824585,0.7666666507720947,0.7444442510604858
11,0.6186342835426331,1.1083879470825195,0.675000011920929,0.9398139119148254
12,0.6383101940155029,1.031355619430542,0.8145833611488342,0.5574873685836792
13,0.6863425970077515,0.9027363657951355,0.831250011920929,0.5281235575675964
14,0.7008101940155029,0.8354458808898926,0.831250011920929,0.49259433150291443
15,0.6956018805503845,0.834791898727417,0.862500011920929,0.4188271164894104
16,0.7297453880310059,0.7768169641494751,0.8395833373069763,0.5031872987747192
17,0.7262731194496155,0.8168684840202332,0.8500000238418579,0.48438936471939087
18,0.7164351940155029,0.7874711155891418,0.8229166865348816,0.5677587985992432
19,0.7465277910232544,0.7113919854164124,0.7875000238418579,0.5727530717849731
20,0.7361111044883728,0.7478410005569458,0.8854166865348816,0.3317185044288635
Test Loss: 0.3362465500831604
Test Accuracy: 0.8571428656578064

model_LR0.0005_BS32_DR0.4_E30
Epoch,accuracy,loss,val_accuracy,val_loss
1,0.14673912525177002,2.7745375633239746,0.265625,2.4942967891693115
2,0.23097826540470123,2.473802328109741,0.2864583432674408,2.3126156330108643
3,0.27445653080940247,2.2986350059509277,0.3333333432674408,2.0176613330841064
4,0.35190218687057495,2.0762763023376465,0.4270833432674408,1.77023446559906
5,0.41983696818351746,1.7858803272247314,0.5885416865348816,1.2921561002731323
6,0.49320653080940247,1.6015663146972656,0.640625,1.1145139932632446
7,0.510869562625885,1.5183935165405273,0.5833333134651184,1.2175031900405884
8,0.5366848111152649,1.500950574874878,0.65625,0.974737823009491
9,0.563858687877655,1.3742841482162476,0.6770833134651184,1.0079039335250854
10,0.5570651888847351,1.3691567182540894,0.6614583134651184,0.994944155216217
11,0.604619562625885,1.1862794160842896,0.6770833134651184,0.9855623245239258
12,0.6222826242446899,1.1372413635253906,0.6927083134651184,0.8717606067657471
13,0.64402174949646,1.0854082107543945,0.6666666865348816,0.8968762755393982
14,0.6426630616188049,1.0889575481414795,0.7395833134651184,0.8190877437591553
15,0.6616848111152649,1.0613493919372559,0.734375,0.7687790989875793
16,0.6616848111152649,1.0818828344345093,0.71875,0.8951973915100098
17,0.6385869383811951,1.051640272140503,0.7083333134651184,0.7477297782897949
18,0.6711956262588501,0.985924243927002,0.7916666865348816,0.6342682242393494
19,0.7051630616188049,0.8405848741531372,0.8333333134651184,0.5300622582435608
20,0.7214673757553101,0.8622387647628784,0.8177083134651184,0.5765841007232666
21,0.7255434989929199,0.8200026154518127,0.7760416865348816,0.7017898559570312
22,0.7323369383811951,0.8168293237686157,0.78125,0.7231195569038391
23,0.7146739363670349,0.7964863181114197,0.8802083134651184,0.432529479265213
24,0.7336956262588501,0.7640641331672668,0.8020833134651184,0.592863142490387
25,0.7364130616188049,0.7735285758972168,0.8385416865348816,0.5194107890129089
26,0.76222825050354,0.7050935626029968,0.859375,0.4287976920604706
27,0.7649456262588501,0.6848906874656677,0.8854166865348816,0.3358776271343231
28,0.789402186870575,0.6672642230987549,0.8645833134651184,0.4021213948726654
29,0.739130437374115,0.8023034930229187,0.84375,0.47745251655578613
30,0.7567934989929199,0.6860955357551575,0.8697916865348816,0.4268403947353363
Test Loss: 0.39410868287086487
Test Accuracy: 0.9224137663841248


